1.85
0.56
0.49
0.45
0.66
0.50
0.29
0.42
0.41
0.44
0.38
0.41
0.26
0.30
0.30
0.42
0.31
0.33
0.36
0.51
0.35
0.35
0.30
0.42
0.24
0.23
0.24
0.31
0.28
0.41
0.29
0.44
0.29
0.28
0.28
0.27
0.31
0.28
0.35
0.52
0.33
0.26
0.28
0.32
0.24
0.32
0.32
0.49
0.32
0.26
0.27
0.24
0.30
0.30
0.29
0.39
0.34
0.24
0.42
0.39
0.25
0.38
0.39
0.45
0.45
0.43
0.29
0.30
0.26
0.30
0.21
0.37
0.26
0.29
0.25
0.31
0.25
0.33
0.32
0.49
0.29
0.35
0.27
0.28
0.31
0.34
0.29
0.73
0.29
0.23
0.30
0.30
0.35
0.51
0.85
0.82
0.43
0.26
0.31
0.29
0.22
0.28
0.22
0.23
0.28
0.20
0.26
0.32
0.27
0.23
0.26
0.44
0.31
0.33
0.26
0.23
0.29
0.51
0.32
0.46
0.29
0.30
0.62
0.65
0.53
0.72
0.48
0.90
0.65
0.39
0.63
0.27
0.29
0.30
0.24
0.30
0.23
0.45
0.31
0.30
0.23
0.26
0.39
0.30
0.27
0.22
0.23
0.34
0.24
0.25
0.25
0.38
0.25
0.22
0.28
0.32
0.25
0.30
0.33
0.39
0.45
0.30
0.28
0.30
0.24
0.28
0.23
0.28
0.31
0.29
0.37
0.69
0.28
0.28
0.54
1.17
0.42
0.33
0.23
0.22
0.23
0.31
0.23
0.33
0.31
0.28
0.48
0.40
0.34
0.89
0.87
0.93
0.40
0.61
0.31
0.24
0.40
0.32
0.29
0.33
0.24
0.28
0.26
0.32
0.22
0.28
0.23
0.25
0.46
0.23
0.26
0.23
0.29
0.72
0.29
0.99
0.46
0.22
0.24
0.26
0.25
0.36
0.39
0.97
0.58
0.31
0.44
0.35
0.31
0.31
0.30
0.25
0.42
0.29
0.76
0.95
0.41
0.28
0.35
0.92
0.58
0.45
0.52
0.32
0.43
1.19
0.37
0.81
0.74
0.38
0.99
0.52
0.60
0.78
0.91
1.21
