1.48
0.34
0.34
0.29
0.58
0.33
0.22
0.28
0.37
0.35
0.34
0.28
0.21
0.23
0.27
0.31
0.29
0.32
0.42
0.43
0.38
0.32
0.26
0.32
0.22
0.21
0.21
0.27
0.34
0.45
0.26
0.35
0.25
0.29
0.32
0.26
0.37
0.32
0.33
0.49
0.36
0.25
0.30
0.32
0.22
0.30
0.30
0.42
0.21
0.24
0.24
0.20
0.22
0.28
0.23
0.40
0.38
0.21
0.33
0.45
0.24
0.35
0.37
0.37
0.27
0.39
0.27
0.29
0.32
0.31
0.20
0.43
0.29
0.34
0.29
0.34
0.24
0.33
0.36
0.45
0.26
0.47
0.32
0.32
0.40
0.45
0.32
0.92
0.27
0.24
0.33
0.31
0.36
0.55
0.90
0.87
0.26
0.20
0.28
0.28
0.20
0.24
0.19
0.22
0.21
0.21
0.29
0.35
0.21
0.21
0.29
0.48
0.31
0.42
0.27
0.26
0.24
0.63
0.30
0.61
0.29
0.31
0.66
0.68
0.50
0.78
0.54
0.89
0.46
0.25
0.52
0.22
0.23
0.30
0.22
0.29
0.24
0.51
0.36
0.29
0.22
0.25
0.52
0.31
0.24
0.26
0.27
0.38
0.22
0.30
0.26
0.40
0.22
0.23
0.28
0.35
0.25
0.33
0.32
0.39
0.27
0.27
0.31
0.37
0.26
0.31
0.24
0.30
0.37
0.38
0.56
0.91
0.29
0.34
0.60
1.35
0.25
0.32
0.21
0.22
0.21
0.36
0.20
0.37
0.35
0.32
0.54
0.46
0.38
0.99
0.91
1.05
0.28
0.50
0.27
0.22
0.42
0.34
0.27
0.39
0.21
0.31
0.23
0.32
0.21
0.30
0.23
0.27
0.28
0.21
0.26
0.22
0.35
1.02
0.31
1.03
0.30
0.19
0.24
0.26
0.31
0.45
0.47
1.08
0.53
0.29
0.49
0.39
0.33
0.31
0.33
0.28
0.29
0.28
1.09
1.00
0.30
0.28
0.48
1.06
0.51
0.45
0.54
0.35
0.33
1.45
0.28
0.92
0.67
0.41
1.13
0.52
0.60
0.85
0.90
1.11
