2.08
0.61
0.51
0.47
0.75
0.55
0.26
0.43
0.43
0.45
0.39
0.43
0.20
0.26
0.27
0.44
0.29
0.32
0.36
0.51
0.34
0.34
0.27
0.44
0.19
0.18
0.20
0.28
0.25
0.43
0.26
0.47
0.26
0.25
0.25
0.24
0.29
0.25
0.32
0.53
0.31
0.22
0.25
0.30
0.19
0.30
0.29
0.53
0.28
0.21
0.21
0.18
0.24
0.25
0.25
0.37
0.32
0.18
0.39
0.39
0.20
0.37
0.38
0.47
0.49
0.40
0.24
0.27
0.21
0.28
0.15
0.37
0.22
0.26
0.20
0.29
0.20
0.29
0.30
0.50
0.26
0.34
0.23
0.25
0.29
0.33
0.26
0.85
0.26
0.18
0.28
0.27
0.34
0.56
1.00
0.98
0.46
0.21
0.27
0.25
0.16
0.23
0.16
0.18
0.25
0.14
0.21
0.30
0.24
0.17
0.21
0.46
0.29
0.31
0.21
0.18
0.26
0.56
0.31
0.50
0.25
0.27
0.70
0.74
0.57
0.84
0.52
1.10
0.71
0.37
0.73
0.24
0.25
0.28
0.19
0.28
0.17
0.44
0.29
0.28
0.19
0.21
0.41
0.28
0.22
0.16
0.17
0.33
0.18
0.21
0.21
0.38
0.21
0.16
0.23
0.30
0.20
0.27
0.30
0.38
0.48
0.26
0.24
0.28
0.19
0.25
0.17
0.25
0.29
0.26
0.37
0.80
0.25
0.25
0.59
1.44
0.44
0.30
0.17
0.16
0.18
0.28
0.18
0.31
0.29
0.24
0.50
0.41
0.32
1.06
1.03
1.13
0.41
0.71
0.29
0.20
0.38
0.30
0.25
0.32
0.18
0.24
0.21
0.30
0.17
0.24
0.18
0.21
0.48
0.18
0.21
0.18
0.26
0.83
0.25
1.19
0.49
0.16
0.19
0.22
0.20
0.35
0.39
1.18
0.66
0.29
0.43
0.34
0.28
0.28
0.27
0.21
0.43
0.25
0.89
1.13
0.42
0.24
0.35
1.12
0.67
0.47
0.51
0.30
0.43
1.46
0.37
0.97
0.88
0.39
1.19
0.58
0.70
0.92
1.11
1.53
