0.67
0.39
0.35
0.34
0.61
0.41
0.28
0.35
0.46
0.46
0.43
0.35
0.25
0.29
0.30
0.38
0.40
0.35
0.42
0.62
0.45
0.34
0.28
0.37
0.28
0.22
0.23
0.38
0.34
0.48
0.28
0.47
0.29
0.35
0.30
0.28
0.32
0.30
0.36
0.58
0.39
0.26
0.27
0.32
0.21
0.31
0.30
0.46
0.25
0.27
0.22
0.21
0.23
0.28
0.26
0.45
0.39
0.19
0.30
0.50
0.24
0.36
0.44
0.49
0.32
0.33
0.37
0.32
0.33
0.29
0.20
0.45
0.27
0.27
0.23
0.32
0.23
0.34
0.32
0.54
0.28
0.47
0.23
0.25
0.29
0.38
0.28
0.59
0.29
0.18
0.33
0.31
0.43
0.43
0.65
0.78
0.31
0.22
0.35
0.32
0.17
0.22
0.18
0.21
0.25
0.19
0.26
0.37
0.24
0.23
0.30
0.56
0.34
0.45
0.23
0.21
0.31
0.44
0.33
0.64
0.35
0.26
0.51
0.63
0.65
0.69
0.58
0.97
0.43
0.36
0.65
0.28
0.32
0.37
0.26
0.32
0.29
0.60
0.37
0.31
0.25
0.32
0.53
0.36
0.25
0.23
0.20
0.31
0.20
0.25
0.23
0.39
0.22
0.20
0.27
0.33
0.23
0.29
0.32
0.46
0.33
0.33
0.32
0.38
0.21
0.25
0.21
0.27
0.36
0.22
0.40
0.55
0.27
0.33
0.48
0.97
0.29
0.40
0.18
0.19
0.22
0.36
0.21
0.41
0.40
0.26
0.40
0.48
0.37
0.78
0.90
1.06
0.35
0.64
0.32
0.26
0.55
0.38
0.37
0.45
0.21
0.24
0.22
0.30
0.20
0.26
0.21
0.24
0.38
0.23
0.23
0.23
0.29
0.57
0.32
0.86
0.40
0.18
0.25
0.31
0.31
0.45
0.50
1.19
0.67
0.37
0.59
0.50
0.28
0.30
0.28
0.25
0.36
0.27
0.61
0.81
0.34
0.33
0.46
1.13
0.70
0.64
0.35
0.31
0.41
0.98
0.34
0.94
0.98
0.41
0.85
0.66
0.75
0.81
0.98
1.34
