1.85
0.31
0.31
0.24
0.66
0.30
0.16
0.24
0.37
0.33
0.32
0.24
0.14
0.17
0.22
0.27
0.25
0.29
0.43
0.43
0.37
0.30
0.21
0.29
0.16
0.14
0.14
0.23
0.33
0.48
0.22
0.34
0.19
0.25
0.29
0.21
0.36
0.29
0.30
0.51
0.34
0.19
0.26
0.30
0.15
0.26
0.26
0.43
0.15
0.18
0.18
0.13
0.15
0.24
0.17
0.40
0.39
0.14
0.31
0.49
0.17
0.33
0.36
0.36
0.23
0.36
0.21
0.25
0.28
0.29
0.13
0.46
0.25
0.32
0.25
0.32
0.18
0.30
0.34
0.46
0.21
0.50
0.29
0.28
0.42
0.48
0.30
1.14
0.22
0.18
0.31
0.28
0.33
0.61
1.10
1.07
0.21
0.13
0.24
0.23
0.14
0.19
0.12
0.16
0.15
0.13
0.25
0.33
0.14
0.15
0.25
0.51
0.29
0.44
0.20
0.21
0.18
0.73
0.27
0.72
0.26
0.29
0.76
0.80
0.53
0.93
0.61
1.09
0.45
0.19
0.58
0.16
0.17
0.25
0.15
0.26
0.18
0.55
0.35
0.25
0.16
0.19
0.58
0.28
0.18
0.21
0.22
0.37
0.16
0.26
0.21
0.40
0.16
0.16
0.24
0.33
0.20
0.31
0.29
0.38
0.22
0.21
0.27
0.37
0.21
0.28
0.18
0.26
0.37
0.38
0.64
1.13
0.25
0.33
0.68
1.73
0.19
0.29
0.15
0.15
0.13
0.35
0.12
0.37
0.34
0.29
0.60
0.49
0.37
1.22
1.11
1.32
0.24
0.56
0.22
0.16
0.43
0.33
0.23
0.40
0.14
0.27
0.17
0.29
0.15
0.27
0.17
0.23
0.23
0.15
0.20
0.16
0.33
1.29
0.28
1.28
0.26
0.12
0.18
0.20
0.28
0.47
0.50
1.35
0.60
0.25
0.53
0.39
0.30
0.27
0.31
0.25
0.24
0.23
1.38
1.24
0.25
0.23
0.52
1.34
0.57
0.47
0.54
0.34
0.30
1.88
0.23
1.14
0.78
0.41
1.42
0.57
0.69
1.04
1.11
1.39
