0.69
0.38
0.34
0.35
0.55
0.39
0.31
0.36
0.44
0.43
0.43
0.35
0.28
0.31
0.31
0.38
0.42
0.34
0.44
0.58
0.47
0.34
0.30
0.37
0.31
0.25
0.26
0.38
0.37
0.48
0.30
0.46
0.32
0.39
0.32
0.29
0.35
0.33
0.36
0.56
0.42
0.29
0.29
0.32
0.24
0.33
0.32
0.44
0.27
0.31
0.26
0.24
0.26
0.29
0.28
0.44
0.41
0.23
0.32
0.49
0.27
0.37
0.44
0.46
0.33
0.36
0.41
0.33
0.36
0.31
0.24
0.46
0.31
0.30
0.27
0.34
0.27
0.33
0.34
0.51
0.30
0.50
0.27
0.28
0.32
0.35
0.30
0.56
0.30
0.23
0.34
0.32
0.45
0.41
0.62
0.69
0.32
0.25
0.37
0.34
0.22
0.25
0.22
0.24
0.28
0.23
0.28
0.37
0.27
0.25
0.31
0.52
0.34
0.46
0.26
0.25
0.33
0.44
0.34
0.57
0.36
0.29
0.50
0.57
0.59
0.64
0.54
0.83
0.43
0.36
0.57
0.31
0.34
0.39
0.28
0.33
0.33
0.59
0.38
0.32
0.28
0.33
0.53
0.37
0.29
0.27
0.24
0.33
0.24
0.27
0.27
0.38
0.26
0.24
0.29
0.34
0.27
0.31
0.34
0.44
0.33
0.35
0.35
0.40
0.25
0.28
0.24
0.29
0.39
0.26
0.38
0.54
0.29
0.33
0.46
0.87
0.30
0.40
0.21
0.23
0.25
0.35
0.24
0.39
0.39
0.29
0.40
0.42
0.38
0.70
0.80
0.90
0.34
0.56
0.32
0.28
0.56
0.39
0.38
0.44
0.25
0.28
0.25
0.32
0.23
0.29
0.25
0.27
0.38
0.26
0.26
0.25
0.32
0.56
0.33
0.77
0.40
0.22
0.27
0.31
0.32
0.41
0.47
1.00
0.58
0.35
0.58
0.48
0.31
0.31
0.31
0.27
0.36
0.29
0.61
0.73
0.35
0.33
0.43
0.95
0.59
0.60
0.37
0.33
0.41
0.90
0.34
0.81
0.84
0.41
0.78
0.57
0.65
0.71
0.83
1.10
